3CRR name IAU name Redshift 178-MHz flux Sp. index FR class 5-GHz core flux Old radio position `Best' radio map RA           DEC          Optical position Type LAS   Size  Scale  Luminosity distance 178-MHz luminosity B magnitude V magnitude R magnitude r magnitude Radio RA     Radio DEC    New IAU name 
-----------------------------------------------------------------------------------------------------------------------------------------------------------------------------------------------------------------------------------------------------------------------------------------------------------------
4C12.03   0007+124 0.156    10.9         0.87      2        3.5             [75]               [601]            00 07 18.250 +12 27 23.10 [71]             0    215   581   2.70   744                 564e23             17.7        16.5        --          --          00 09 52.634 +12 44 06.21 J0009+127    
3C6.1     0013+790 0.8404   14.9         0.68      2        4.4             [73]               [530]            00 13 34.360 +79 00 11.10 [66]             1    27    210   7.631  5331                332e25             --          24.0        --          --          00 16 31.112 +79 16 50.13 J0016+792    
3C9       0017+154 2.012    19.4         1.12      2        4.9             [504]              [504]            00 17 49.944 +15 24 16.21 [96]             3    14    120   8.365  15650               517e26             18.44       18.21       --          --          00 20 25.220 +15 40 54.94 J0020+156    
3C13      0031+391 1.351    13.1         0.93      2        0.36            [69]               [503,537]        00 31 33.150 +39 07 36.10 [146]            1    30    250   8.409  9587                108e26             --          22          --          --          00 34 14.571 +39 24 14.63 J0034+394    
3C14      0033+183 1.469    11.3         0.81      2        10.6            [73]               [527]            00 33 29.260 +18 21 28.10 [116]            3    26    220   8.456  10630               102e26             --          --          20          --          00 36 06.440 +18 37 59.05 J0036+186    
3C16      0035+130 0.405    12.2         0.94      2        0.26            [116]              [533,601]        00 35 09.160 +13 03 39.60 [116]            0    73    400   5.41   2200                553e24             --          --          19.5        --          00 37 45.404 +13 20 09.16 J0037+133    
3C19      0038+328 0.482    13.2         0.63      2        0.47            [69]               [533]            00 38 13.800 +32 53 39.70 [61]             1    6.2   37    5.98   2710                799e24             --          20.52       19.41       --          00 40 55.028 +33 10 07.22 J0040+331    
3C20      0040+517 0.174    46.8         0.66      2        2.6             [73]               [605,505,522]    00 40 20.080 +51 47 10.20 [116]            1    53.6  158   2.95   840                 297e24             --          --          19          --          00 43 09.172 +52 03 36.33 J0043+520    
3C22      0048+509 0.938    13.2         0.78      2        7.83            [73]               [528]            00 48 04.710 +50 55 45.40 [116]            2    26    200   7.88   6110                405e25             --          --          20.5        --          00 50 56.218 +51 12 03.52 J0050+512    
3C28      0053+261 0.1952   17.8         1.06      2        <0.2            [116]              [506]            00 53 09.120 +26 08 23.40 [44]             0    45.6  148   3.237  953.9               156e24             19.06       17.64       16.84       --          00 55 50.650 +26 24 37.33 J0055+264    
3C31      0104+321 0.0167   18.3         0.57      1        92              [155]              [606]            01 04 39.100 +32 08 43.30 [44]             0    2700  917   0.340  72.4                908e21             13.28       12.15       11.52       --          01 07 24.955 +32 24 45.15 J0107+324    
3C33      0106+130 0.0595   59.3         0.76      2        24              [50]               [601]            01 06 14.540 +13 04 14.80 [48]             1    254.6 293   1.15   266                 395e23             16.35       15.22       14.62       --          01 08 52.868 +13 20 14.36 J0108+133    
3C33.1    0106+729 0.181    14.2         0.62      2        12.3            [161]              [506]            01 06 06.480 +72 55 59.20 [57]             2    227   692   3.05   877                 976e23             --          --          --          20          01 09 44.272 +73 11 57.33 J0109+731    
3C34      0107+315 0.689    13.0         1.06      2        1.03            [73]               [529,505]        01 07 32.510 +31 31 21.90 [49]             1    49    350   7.10   4180                223e25             --          --          --          20.76       01 10 18.534 +31 47 19.72 J0110+317    
3C35      0109+492 0.0677   11.4         0.77      2        11.3            [161]              [506]            01 09 04.940 +49 12 40.10 [44]             0    750   972   1.30   305                 993e22             --          15.6        --          --          01 12 02.264 +49 28 35.50 J0112+494    
3C41      0123+329 0.795    11.6         0.51      2        0.64            [73]               [503,530]        01 23 54.740 +32 57 38.30 [116]            1    25    190   7.49   4980                206e25             --          --          21          --          01 26 44.323 +33 13 11.16 J0126+332    
3C42      0125+287 0.395    13.1         0.73      2        2.4             [69]               [601,505]        01 25 42.680 +28 47 30.40 [57]             1    29    150   5.33   2140                522e24             --          --          --          20          01 28 30.111 +29 03 00.90 J0128+290    
3C43      0127+233 1.47     12.6         0.75      0        <61             [142]              [531]            01 27 15.040 +23 22 51.50 [57]             3    1.3   11    8.46   106e2               108e26             --          20          --          --          01 29 59.793 +23 38 21.10 J0129+236    
3C46      0132+376 0.4373   11.1         1.13      2        2.3             [47]               [506,533]        01 32 34.090 +37 38 47.00 [57]             1    158   895   5.665  2414                646e24             --          --          --          19.5        01 35 28.476 +37 54 05.42 J0135+379    
3C47      0133+207 0.425    28.8         0.98      2        73.6            [25]               [506,504]        01 33 40.425 +20 42 10.16 [174]            3    77    430   5.57   2330                148e25             18.2        18.1        --          --          01 36 24.420 +20 57 27.62 J0136+209    
3C48      0134+329 0.367    60.0         0.59      0        896             [170]              [607]            01 34 49.823 +32 54 20.39 [5]              3    0.4   2     5.09   1960                194e25             16.62       16.2        --          --          01 37 41.297 +33 09 35.25 J0137+331    
3C49      0138+136 0.6207   11.2         0.65      2        7.0             [39]               [531]            01 38 28.410 +13 38 19.90 [116]            1    1.2   8.1   6.790  3679                122e25             --          --          21          --          01 41 09.170 +13 53 28.62 J0141+138    
3C55      0154+286 0.735    23.4         1.04      2        5.32            [69]               [610,528]        01 54 19.500 +28 37 04.80 [145]            1    72    520   7.28   4520                466e25             --          --          21.4        --          01 57 10.536 +28 51 39.80 J0157+288    
3C61.1    0210+860 0.186    34.0         0.77      2        2.4             [1]                [601]            02 10 37.100 +86 05 18.50 [49]             1    186   580   3.12   904                 254e24             --          --          17.60       18.50       02 22 35.188 +86 19 06.51 J0222+863    
3C65      0220+397 1.176    16.6         0.75      2        0.52            [73]               [503]            02 20 37.240 +39 47 17.10 [49]             1    19.3  160   8.268  8075                849e25             --          --          --          22.93       02 23 43.480 +40 00 52.67 J0223+400    
3C66B     0220+427 0.0215   26.8         0.50      1        182             [76]               [76,608]         02 20 01.780 +42 45 54.60 [48]             0    700   304   0.435  93.6                221e22             13.93       12.84       12.21       --          02 23 11.410 +42 59 31.51 J0223+429    
3C67      0221+276 0.3102   10.9         0.58      2        5.5             [48]               [510,609]        02 21 18.030 +27 36 37.20 [71]             2    3     10    4.558  1614                241e24             --          --          --          18.5        02 24 12.305 +27 50 11.42 J0224+278    
3C68.1    0229+341 1.238    14.0         0.80      2        1.1             [12]               [505]            02 29 27.240 +34 10 34.10 [57]             3    53    440   8.329  8605                840e25             --          --          --          19          02 32 28.879 +34 23 46.84 J0232+343    
3C68.2    0231+313 1.575    10.9         1.05      2        0.42            [73]               [503,610]        02 31 24.790 +31 21 11.50 [34]             0    30    250   8.472  11590               146e26             --          23.5        --          23.64       02 34 23.890 +31 34 18.45 J0234+315    
3C76.1    0300+162 0.0324   13.3         0.77      1        10              [89]               [601]            03 00 27.280 +16 14 36.10 [57]             0    200   129   0.647  142                 254e22             15.94       14.79       14.14       --          03 03 14.992 +16 26 19.00 J0303+164    
3C79      0307+169 0.2559   33.2         0.92      2        10              [140]              [140,522]        03 07 11.480 +16 54 36.90 [113]            1    89    350   3.978  1294                520e24             19.32       18.50       17.47       --          03 10 00.086 +17 05 58.65 J0310+170    
3C83.1B   0314+416 0.0255   29.0         0.62      1        40              [100]              [100]            03 14 56.920 +41 40 33.00 [113]            0    1216  624   0.513  111                 339e22             14.46       13.31       12.63       --          03 18 15.697 +41 52 27.99 J0318+418    
3C84      0316+413 0.0177   66.8         0.78      1        59600           [107]              [512]            03 16 29.555 +41 19 52.08 [5]              1    1350  486   0.360  76.8                374e22             12.60       11.85       11.17       --          03 19 48.149 +41 30 42.35 J0319+415    
3C98      0356+102 0.0306   51.4         0.78      2        9.0             [41]               [613]            03 56 10.210 +10 17 31.70 [48]             1    310   190   0.612  134                 875e22             15.64       14.41       13.73       --          03 58 54.432 +10 26 02.81 J0358+104    
3C109     0410+110 0.3056   23.5         0.85      2        263             [113]              [614]            04 10 54.870 +11 04 41.40 [113]            2    103   465   4.511  1586                541e24             18.81       17.88       16.91       --          04 13 40.337 +11 12 14.73 J0413+112    
4C14.11   0411+141 0.206    12.1         0.84      2        29.69           [105]              [601,522]        04 11 40.940 +14 08 48.30 [105]            0    116   392   3.38   1010                115e24             --          --          --          19.1        04 14 29.795 +14 16 23.14 J0414+142    
3C123     0433+295 0.2177   206.0        0.70      2        100             [114]              [522]            04 33 55.210 +29 34 12.60 [114]            0    37.8  133   3.524  1078                2148e24            --          19.87       18.94       --          04 37 04.375 +29 40 13.86 J0437+296    
3C132     0453+227 0.214    14.9         0.68      2        2.29            [75]               [506,522]        04 53 42.180 +22 44 43.90 [57]             1    22.4  77.9  3.48   1060                149e24             --          19          --          --          04 56 42.917 +22 49 23.27 J0456+228    
3C138     0518+165 0.759    24.2         0.46      0        94              [39]               [39]             05 18 16.521 +16 35 26.60 [33]             3    0.8   6     7.37   4700                376e25             18.13       17.9        --          --          05 21 09.887 +16 38 22.06 J0521+166    
3C147     0538+498 0.5450   65.9         0.46      0        2500            [134]              [531,615]        05 38 43.529 +49 49 42.88 [33]             3    1.0   6     6.382  3142                490e25             17.25       16.9        --          --          05 42 36.155 +49 51 07.28 J0542+498    
3C153     0605+480 0.2769   16.7         0.66      2        <1.7            [69]               [506,522]        06 05 44.438 +48 04 48.80 [3]              1    9.1   38    4.211  1416                293e24             --          18.5        --          --          06 09 32.535 +48 04 15.35 J0609+480    
3C171     0651+542 0.2384   21.3         0.87      2        2.2             [52]               [522]            06 51 10.830 +54 12 47.60 [66]             1    32.5  123   3.775  1194                281e24             19.58       18.80       17.94       --          06 55 14.739 +54 08 57.39 J0655+541    
3C172     0659+253 0.5191   16.5         0.86      2        0.43            [73]               [533]            06 59 03.900 +25 18 12.00 [1]              1    121   753   6.226  2963                130e25             --          --          20          --          07 02 08.306 +25 13 53.50 J0702+252    
3C173.1   0702+749 0.292    16.8         0.88      2        7.4             [1]                [601,522]        07 02 47.910 +74 54 16.60 [71]             0    60.5  264   4.37   1510                351e24             --          --          17.50       --          07 09 18.246 +74 49 31.76 J0709+748    
3C175     0710+118 0.768    19.2         0.98      2        23.5            [57]               [504]            07 10 15.379 +11 51 23.95 [30]             3    52    380   7.40   4770                412e25             17.05       16.60       --          --          07 13 02.423 +11 46 16.25 J0713+117    
3C175.1   0711+146 0.920    12.4         0.91      2        11              [73]               [530]            07 11 14.280 +14 41 33.90 [49]             1    9     70    7.84   5960                396e25             --          --          --          21.71       07 14 04.690 +14 36 22.60 J0714+146    
3C181     0725+147 1.382    15.8         1.0       2        6               [165]              [617]            07 25 20.220 +14 43 46.60 [56]             3    7.3   61    8.425  9860                146e26             19.35       18.92       --          --          07 28 10.216 +14 37 36.56 J0728+146    
3C184     0733+705 0.994    14.4         0.86      2        <0.2            [73]               [603]            07 33 59.010 +70 30 01.10 [49]             1    5.7   46    8.00   6560                535e25             --          --          --          22.02       07 39 24.306 +70 23 10.74 J0739+703    
3C184.1   0734+805 0.1187   14.2         0.68      2        6               [92]               [601,613]        07 34 25.050 +80 33 24.10 [102]            1    182   390   2.143  553.2               399e23             --          17.2        17.07       --          07 43 01.450 +80 26 25.59 J0743+804    
3C186     0740+380 1.063    15.4         1.15      2        15              [142]              [531]            07 40 56.752 +38 00 31.07 [30]             3    2.5   20    8.118  7126                830e25             18.05       17.60       --          --          07 44 17.455 +37 53 17.22 J0744+378    
DA240     0745+560 0.0356   23.2         0.77      2        105             [168]              [506]            07 44 34.960 +55 56 29.00 [71]             0    2109  1490  0.708  157                 538e22             --          --          13.55       --          07 48 36.817 +55 48 59.54 J0748+558    
3C190     0758+143 1.197    16.4         0.93      2        73              [142]              [531]            07 58 45.04  +14 23 04.9  [135]            3    3     20    8.290  8254                101e26             --          20          19.5        --          08 01 32.545 +14 14 42.80 J0801+142    
3C191     0802+103 1.9523   14.2         0.98      2        42              [103]              [534]            08 02 03.760 +10 23 57.60 [60]             3    5.3   44    8.3918 15087               301e26             18.65       18.4        --          --          08 04 47.959 +10 15 23.56 J0804+102    
3C192     0802+243 0.0598   23.0         0.79      2        8               [92]               [613]            08 02 35.500 +24 18 26.40 [44]             1    200   231   1.16   268                 155e23             16.62       15.45       14.80       --          08 05 35.014 +24 09 49.70 J0805+241    
3C196     0809+483 0.871    74.3         0.79      2        7               [69]               [618]            08 09 59.400 +48 22 07.57 [3]              3    6     50    7.72   5570                193e26             18.20       17.6        --          --          08 13 36.051 +48 13 02.58 J0813+482    
3C200     0824+294 0.458    12.3         0.84      2        35.1            [25]               [25]             08 24 21.430 +29 28 42.20 [72]             0    24.5  143   5.82   2550                717e24             --          20          19          --          08 27 25.386 +29 18 44.90 J0827+293    
4C14.27   0832+143 0.3920   11.2         1.15      2        <0.25           [72]               [601,533]        08 32 16.510 +14 22 12.10 [71]             1    35.8  190   5.307  2121                504e24             --          19.5        --          --          08 35 03.578 +14 11 49.38 J0835+141    
3C204     0833+654 1.112    11.4         1.08      2        26.9            [25]               [504]            08 33 18.030 +65 24 04.44 [3]              3    37    300   8.190  7535                654e25             18.76       18.21       --          --          08 37 45.013 +65 13 35.22 J0837+652    
3C205     0835+580 1.534    13.7         0.88      2        20              [25]               [535]            08 35 10.020 +58 04 51.44 [3]              3    19    160   8.468  11220               147e26             18.10       17.62       --          --          08 39 06.533 +57 54 16.86 J0839+579    
3C207     0838+133 0.684    14.8         0.90      2        510             [110]              [519]            08 38 01.719 +13 23 05.57 [174]            3    13    92    7.08   4140                229e25             18.58       18.15       --          --          08 40 47.587 +13 12 23.48 J0840+132    
3C208     0850+140 1.109    18.3         0.96      2        51.0            [25]               [504]            08 50 22.700 +14 04 16.90 [172]            3    14    110   8.186  7510                954e25             17.76       17.42       --          --          08 53 08.601 +13 52 54.65 J0853+138    
3C212     0855+143 1.049    16.5         0.92      2        150             [57]               [507]            08 55 55.558 +14 21 24.33 [174]            3    10.7  86.6  8.095  7010                729e25             20.0        19.1        --          --          08 58 41.444 +14 09 44.66 J0858+141    
3C215     0903+169 0.411    12.4         1.06      2        16.4            [110]              [504]            09 03 44.140 +16 58 16.10 [56]             3    56    310   5.46   2240                606e24             18.48       18.27       --          --          09 06 31.871 +16 46 11.68 J0906+167    
3C217     0905+380 0.8975   12.3         0.77      2        <0.6            [73]               [503]            09 05 41.420 +38 00 29.90 [72]             1    14    110   7.785  5781                338e25             --          --          22          --          09 08 50.684 +37 48 19.23 J0908+378    
3C216     0906+430 0.668    22.0         0.84      2        1050            [103]              [620]            09 06 17.265 +43 05 58.56 [3]              3    5.3   37    7.01   4020                312e25             19.0        18.5        --          --          09 09 33.502 +42 53 46.38 J0909+428    
3C219     0917+458 0.1744   44.9         0.81      2        51              [22]               [621]            09 17 50.660 +45 51 43.90 [48]             2    190   562   2.959  841.7               294e24             18.72       17.28       16.60       --          09 21 08.627 +45 38 57.26 J0921+456    
3C220.1   0926+793 0.61     17.2         0.93      2        25              [25]               [25]             09 26 31.870 +79 19 45.40 [72]             1    35    240   6.7    36e2                21e26              --          --          20.5        --          09 32 40.016 +79 06 29.75 J0932+791    
3C220.3   0931+836 0.685    17.1         0.75      2        <0.17           [73]               [57]             09 31 10.500 +83 28 55.00 [49]             1    10    71    7.08   4150                246e25             --          --          --          20.19       09 39 23.445 +83 15 26.17 J0939+832    
3C223     0936+361 0.1368   16.0         0.74      2        9               [92]               [601]            09 36 50.870 +36 07 35.00 [44]             1    306   740   2.420  645.0               613e23             18.35       17.10       16.37       --          09 39 52.761 +35 53 58.78 J0939+358    
3C225B    0939+139 0.58     23.2         0.94      2        1.1             [73]               [533]            09 39 32.210 +13 59 33.30 [72]             1    5     30    6.6    34e2                25e26              --          --          20.5        --          09 42 15.396 +13 45 50.43 J0942+137    
3C226     0941+100 0.82     16.4         0.88      2        7.5             [73]               [503]            09 41 36.160 +10 00 03.80 [72]             1    32.5  250   7.6    52e2                39e26              --          --          22          --          09 44 16.518 +09 46 16.81 J0944+097    
4C73.08   0945+734 0.0581   15.6         0.85      2        11              [91]               [506]            09 45 09.900 +73 28 22.20 [91]             1    1004  1130  1.13   260                 994e22             --          --          14.56       --          09 49 45.776 +73 14 23.14 J0949+732    
3C228     0947+145 0.5524   23.8         1.0       2        13.3            [25]               [529]            09 47 27.630 +14 34 02.50 [72]             1    46    300   6.425  3194                231e25             --          --          20.5        --          09 50 10.793 +14 20 00.44 J0950+143    
3C231     0951+699 0.0013   15.9         0.28      1        --              [65]               [65]             09 51 44.200 +69 55 00.03 [65]             0    --    --    0.027  5.6                 47e20              9.30        8.39        --          --          09 55 52.923 +69 40 46.14 J0955+696    
3C234     0958+290 0.1848   34.2         0.86      2        90              [25]               [522]            09 58 57.420 +29 01 37.40 [48]             1    112   347   3.100  897.5               256e24             18.04       17.10       16.52       --          10 01 49.515 +28 47 08.71 J1001+287    
3C236     1003+351 0.0989   15.7         0.51      2        84              [42]               [623]            10 03 05.370 +35 08 48.10 [44]             0    2478  4530  1.83   455                 295e23             17.18       16.00       15.44       --          10 06 01.756 +34 54 10.23 J1006+349    
3C239     1008+467 1.781    14.4         1.08      2        0.5             [73]               [503]            10 08 38.970 +46 43 08.40 [49]             1    13.5  114   8.450  13480               270e26             --          --          --          22.05       10 11 45.282 +46 28 19.55 J1011+464    
4C74.16   1009+748 0.81     12.8         0.87      2        1.5             [73]               [71]             10 09 49.660 +74 52 29.80 [115]            -1   45    340   7.5    51e2                29e26              --          --          --          20.9        10 14 14.754 +74 37 36.61 J1014+746    
3C241     1019+222 1.617    12.6         0.97      2        3               [40]               [38]             10 19 09.440 +22 14 40.70 [49]             1    1.0   8     8.472  11970               167e26             --          --          --          22.12       10 21 54.545 +21 59 30.42 J1021+219    
3C244.1   1030+585 0.428    22.1         0.82      2        1.98            [69]               [506,505]        10 30 19.750 +58 30 05.20 [57]             1    51    290   5.59   2350                109e25             --          19          --          --          10 33 33.984 +58 14 35.46 J1033+582    
3C245     1040+123 1.029    15.7         0.78      2        910             [57]               [626,527]        10 40 06.020 +12 19 15.90 [56]             3    5.4   44    8.061  6845                600e25             17.70       17.25       --          --          10 42 44.601 +12 03 31.09 J1042+120    
3C247     1056+432 0.7489   11.6         0.61      2        3.5             [73]               [503]            10 56 08.380 +43 17 30.60 [72]             1    14.6  107   7.334  4627                190e25             --          --          20          --          10 58 58.956 +43 01 24.45 J1058+430    
3C249.1   1100+772 0.311    11.7         0.81      2        71              [25]               [504]            11 00 27.320 +77 15 08.62 [30]             3    46.6  213   4.57   1620                277e24             15.70       15.72       --          --          11 04 13.882 +76 58 58.00 J1104+769    
3C252     1108+359 1.105    12.0         1.03      2        1.1             [73]               [505]            11 08 48.930 +35 57 00.10 [72]             1    57    470   8.180  7476                653e25             --          --          21.5        --          11 11 32.980 +35 40 41.37 J1111+356    
3C254     1111+408 0.734    21.7         0.96      2        19              [101]              [80]             11 11 53.297 +40 53 41.55 [174]            3    15    110   7.28   4510                412e25             18.13       17.98       --          --          11 14 38.721 +40 37 20.15 J1114+406    
3C263     1137+660 0.652    16.6         0.82      2        157             [110]              [504]            11 37 09.300 +66 04 27.04 [30]             3    51    350   6.94   3910                220e25             16.50       16.32       --          --          11 39 57.018 +65 47 49.34 J1139+657    
3C263.1   1140+223 0.824    19.8         0.87      2        3.2             [73]               [530]            11 40 49.150 +22 23 34.90 [72]             1    9     70    7.58   5200                472e25             --          --          20          --          11 43 25.088 +22 06 55.96 J1143+221    
3C264     1142+198 0.0208   28.3         0.75      1        200             [13]               [627,515]        11 42 29.490 +19 53 02.70 [172]            0    410   173   0.421  90.5                220e22             13.81       12.79       12.16       --          11 45 04.939 +19 36 23.08 J1145+196    
3C265     1142+318 0.8108   21.3         0.96      2        2.89            [73]               [503,610,528]    11 42 52.390 +31 50 29.10 [72]             1    79    600   7.542  5101                515e25             21.35       20.09       19.46       --          11 45 28.953 +31 33 46.92 J1145+315    
3C266     1143+500 1.272    12.1         1.01      2        <0.17           [80]               [503]            11 43 04.270 +50 02 47.00 [72]             1    5.5   46    8.357  8899                920e25             --          --          22.5        --          11 45 43.368 +49 46 07.70 J1145+497    
3C267     1147+130 1.144    15.9         0.93      2        3.0             [73]               [503,610]        11 47 22.110 +13 04 00.20 [49]             1    38    310   8.231  7804                874e25             --          --          --          22.1        11 49 56.579 +12 47 19.05 J1149+127    
3C268.1   1157+732 0.9731   23.3         0.59      2        2.0             [73]               [610]            11 57 48.120 +73 17 30.60 [117]            1    46    370   7.956  6389                685e25             --          --          --          21          12 00 24.482 +73 00 45.55 J1200+730    
3C268.3   1203+645 0.371    11.7         0.50      2        1.0             [117]              [531]            12 03 54.280 +64 30 18.60 [35]             2    1.3   6.7   5.13   1990                376e24             --          --          19.53       19.82       12 06 24.758 +64 13 36.51 J1206+642    
3C268.4   1206+439 1.400    11.2         0.80      2        50              [25]               [80]             12 06 42.059 +43 56 02.00 [174]            3    10.4  87.7  8.433  10020               898e25             19.00       18.42       --          --          12 09 13.615 +43 39 20.74 J1209+436    
3C270.1   1218+339 1.519    14.8         0.75      2        190             [153]              [527]            12 18 03.894 +33 59 50.10 [174]            3    11    93    8.466  11080               137e26             18.80       18.61       --          --          12 20 33.873 +33 43 11.79 J1220+337    
3C272.1   1222+131 0.0029   21.1         0.60      1        180             [70]               [70]             12 22 31.450 +13 09 49.60 [57]             0    188.5 11    0.060  12                  31e21              10.54       8.67        8.11        --          12 25 03.730 +12 53 13.42 J1225+128    
A1552     1227+119 0.0837   12.5         0.94      1        27              [71]               [525]            12 27 02.280 +11 57 13.40 [71]             0    168   264   1.57   381                 172e23             --          16          --          --          12 29 52.299 +11 40 39.03 J1229+116    
3C274     1228+126 0.0041   1144.5       0.79      1        4e3             [53]               [630]            12 28 17.551 +12 40 01.80 [159]            1    836   71    0.085  18                  34e23              9.68        8.70        8.08        --          12 30 49.396 +12 23 27.84 J1230+123    
3C274.1   1232+216 0.422    18.0         0.87      2        3.0             [9]                [533]            12 32 56.740 +21 37 05.80 [72]             1    150   832   5.55   2310                877e24             --          --          19.5        --          12 35 26.658 +21 20 34.53 J1235+213    
3C275.1   1241+166 0.557    19.9         0.96      2        130             [153]              [533]            12 41 27.580 +16 39 18.00 [174]            3    15.5  100   6.45   3230                194e25             19.23       19.00       --          --          12 43 57.646 +16 22 53.19 J1243+163    
3C277.2   1251+159 0.766    13.1         1.02      2        0.48            [73]               [503]            12 51 04.200 +15 58 51.20 [72]             1    55    410   7.39   4760                285e25             --          --          21.5        --          12 53 33.320 +15 42 30.96 J1253+157    
3C280     1254+476 0.996    25.8         0.81      2        1.0             [73]               [80]             12 54 41.660 +47 36 32.70 [49]             1    13.7  110   8.00   6570                931e25             --          22          --          21.50       12 56 57.701 +47 20 19.66 J1256+473    
3C284     1308+277 0.2394   12.3         0.95      2        3.2             [77]               [629,522]        13 08 41.330 +27 44 02.60 [113]            1    178.1 674.4 3.786  1200                167e24             --          --          17.41       --          13 11 04.655 +27 28 07.06 J1311+274    
3C285     1319+428 0.0794   12.3         0.95      2        6               [77]               [632]            13 19 05.220 +42 50 55.70 [44]             1    180   270   1.50   360                 152e23             17.06       16.05       15.47       --          13 21 17.861 +42 35 14.75 J1321+425    
3C287     1328+254 1.055    17.8         0.42      0        --              [39]               [39]             13 28 15.928 +25 24 37.40 [5]              3    0.11  0.89  8.105  7060                556e25             18.30       17.67       --          --          13 30 37.687 +25 09 10.68 J1330+251    
3C286     1328+307 0.849    27.3         0.24      0        5554            [141]              [534,633]        13 28 49.651 +30 45 58.50 [5]              3    4     30    7.66   5400                475e25             17.52       17.30       --          --          13 31 08.275 +30 30 32.72 J1331+305    
3C288     1336+391 0.246    20.6         0.85      1        30              [110]              [634]            13 36 38.590 +39 06 21.80 [44]             0    36.2  140   3.86   1240                291e24             --          18.3        --          --          13 38 49.994 +38 51 12.18 J1338+388    
3C289     1343+500 0.9674   13.1         0.81      2        10.6            [73]               [80]             13 43 27.380 +50 01 32.00 [49]             1    11.8  93.7  7.944  6342                441e25             --          --          --          21.97       13 45 26.254 +49 46 32.39 J1345+497    
3C292     1349+647 0.71     11.0         0.80      2        1.0             [73]               [629]            13 49 13.180 +64 44 24.20 [115]            1    140   10e2  7.2    43e2                18e26              --          --          --          21.1        13 50 41.839 +64 29 35.65 J1350+644    
3C293     1350+316 0.0452   13.8         0.45      1        100             [14]               [14]             13 50 03.200 +31 41 32.80 [4]              0    256   228   0.889  200                 514e22             15.37       14.37       13.77       --          13 52 17.799 +31 26 46.42 J1352+314    
3C294     1404+344 1.786    11.2         1.07      2        0.53            [162]              [80]             14 04 34.000 +34 25 37.00 [80]             1    16.2  137   8.448  13530               210e26             --          --          --          --          14 06 44.065 +34 11 25.02 J1406+341    
3C295     1409+524 0.4614   91.0         0.63      2        3               [69]               [517]            14 09 33.440 +52 26 13.60 [48]             1    6     40    5.842  2573                499e25             21.62       20.20       18.92       --          14 11 20.522 +52 12 09.60 J1411+522    
3C296     1414+110 0.0237   14.2         0.67      1        77              [10]               [636]            14 14 26.370 +11 02 19.30 [102]            0    437   209   0.478  103                 143e22             13.25       12.19       11.54       --          14 16 52.982 +10 48 27.17 J1416+108    
3C299     1419+419 0.367    12.9         0.65      2        1.0             [80]               [80]             14 19 06.290 +41 58 30.20 [113]            1    11.3  57.5  5.09   1960                424e24             --          19.48       18.51       --          14 21 05.624 +41 44 48.34 J1421+417    
3C300     1420+198 0.272    19.5         0.78      2        9               [113]              [522]            14 20 39.960 +19 49 13.20 [113]            1    100.9 419   4.16   1390                339e24             --          --          18.26       --          14 22 59.848 +19 35 36.57 J1422+195    
3C303     1441+522 0.141    12.2         0.76      2        150             [64]               [601]            14 41 24.820 +52 14 18.40 [66]             2    47    120   2.48   667                 500e23             18.23       17.01       16.33       --          14 43 02.758 +52 01 37.16 J1443+520    
3C305     1448+634 0.0417   17.1         0.85      1        <1.0            [51]               [506]            14 48 17.277 +63 28 36.33 [71]             1    13.6  11.2  0.823  184                 550e22             14.61       13.70       --          --          14 49 21.639 +63 16 13.99 J1449+632    
3C309.1   1458+718 0.904    24.7         0.53      2        2350            [103]              [534]            14 58 56.657 +71 52 11.29 [534]            3    3     20    7.80   5830                591e25             17.24       16.78       --          --          14 59 07.604 +71 40 19.82 J1459+716    
3C310     1502+262 0.0540   60.1         0.92      1        80              [77]               [637]            15 02 46.940 +26 12 34.70 [48]             0    305   320   1.05   241                 330e23             16.36       15.25       --          --          15 04 57.115 +26 00 58.31 J1504+260    
3C314.1   1510+709 0.1197   11.6         0.95      1        <1.0            [48]               [601]            15 10 11.410 +70 57 09.30 [57]             0    201   434   2.159  558.2               342e23             --          17          --          --          15 10 23.115 +70 45 53.37 J1510+707    
3C315     1511+263 0.1083   19.4         0.72      1        <150            [77]               [506]            15 11 30.830 +26 18 39.00 [48]             1    201.4 398.5 1.978  501.3               451e23             17.47       16.30       15.65       --          15 13 40.073 +26 07 30.74 J1513+261    
3C318     1517+204 1.574    13.4         0.78      2        <90             [48]               [638]            15 17 50.640 +20 26 52.70 [148]            0    1.2   10    8.472  11580               139e26             --          20.3        19.3        --          15 20 05.490 +20 16 05.71 J1520+202    
3C319     1522+546 0.192    16.7         0.90      2        <1.0            [148]              [522]            15 22 43.900 +54 38 38.40 [13]             0    105.2 336   3.20   936                 137e24             --          --          18.07       --          15 24 04.888 +54 28 05.87 J1524+544    
3C321     1529+242 0.096    14.7         0.60      2        30              [57]               [639]            15 29 33.420 +24 14 26.20 [57]             1    307   550   1.8    440                 26e24              --          --          14.16       --          15 31 43.463 +24 04 18.98 J1531+240    
3C322     1533+557 1.681    11.0         0.81      2        0.3             [97]               [537]            15 33 46.200 +55 46 46.00 [116]            1    37    310   8.468  12550               137e26             --          --          --          23.14       15 35 01.197 +55 36 51.95 J1535+556    
3C324     1547+215 1.2063   17.2         0.90      2        <0.14           [116]              [528,640]        15 47 37.100 +21 34 40.10 [49]             1    11.3  93.8  8.2998 8333.4              105e26             --          --          --          21.46       15 49 48.810 +21 25 37.90 J1549+214    
3C326     1549+202 0.0895   22.2         0.88      2        13              [111]              [506,623]        15 49 56.130 +20 14 18.20 [167]            1    1206  2010  1.67   409                 350e23             --          --          16.11       --          15 52 09.097 +20 05 48.25 J1552+200    
3C325     1549+628 0.86     17.0         0.70      2        2.4             [73]               [505]            15 49 13.990 +62 50 20.00 [72]             3    17.5  130   7.7    55e2                40e26              --          --          19          --          15 49 58.396 +62 41 21.44 J1549+626    
3C330     1609+660 0.5490   30.3         0.71      2        0.74            [72]               [505]            16 09 13.900 +66 04 22.30 [57]             1    60    380   6.406  3170                255e25             --          20.33       19.51       --          16 09 34.890 +65 56 37.72 J1609+659    
NGC6109   1615+351 0.0296   11.7         0.76      1        28              [71]               [511,506]        16 15 49.000 +35 07 32.00 [31]             0    890   528   0.593  130                 186e22             14.9        --          --          --          16 17 40.563 +35 00 15.72 J1617+350    
3C334     1618+177 0.555    11.9         0.86      2        111             [54]               [504]            16 18 07.330 +17 43 29.60 [30]             3    58    370   6.44   3210                110e25             16.53       16.41       --          --          16 20 21.810 +17 36 23.84 J1620+176    
3C336     1622+238 0.927    12.5         0.73      2        20.4            [30]               [504]            16 22 32.214 +23 52 02.00 [174]            3    28    220   7.86   6020                361e25             17.91       17.47       --          --          16 24 39.079 +23 45 12.18 J1624+237    
3C341     1626+278 0.448    11.8         0.85      2        1.0             [15]               [601]            16 26 02.420 +27 48 13.90 [72]             1    74    430   5.74   2480                656e24             --          20          19          --          16 28 03.980 +27 41 39.20 J1628+276    
3C338     1626+396 0.0303   51.1         1.19      1        105             [24]               [642]            16 26 55.380 +39 39 37.00 [48]             1    117   71.0  0.606  133                 863e22             13.59       12.61       12.00       --          16 28 38.293 +39 33 04.15 J1628+395    
3C340     1627+234 0.7754   11.0         0.73      2        1.1             [73]               [529]            16 27 29.410 +23 26 42.60 [71]             1    46    340   7.427  4829                209e25             --          --          21.5        --          16 29 36.572 +23 20 12.89 J1629+233    
3C337     1627+444 0.635    12.9         0.63      2        0.29            [106]              [503,106]        16 27 19.070 +44 25 38.20 [72]             1    45.5  312   6.86   3780                146e25             --          --          20          --          16 18 53.733 +44 18 26.69 J1618+443    
3C343     1634+628 0.988    13.5         0.37      0        <300            [126]              [38]             16 34 01.120 +62 51 42.40 [60]             3    0.25  2.0   7.99   6510                353e25             21.06       20.61       19.86       --          16 34 33.805 +62 45 36.83 J1634+627    
3C343.1   1637+626 0.750    12.5         0.32      2        <200            [38]               [38]             16 37 55.220 +62 40 35.00 [60]             1    0.25  1.8   7.34   4640                175e25             21.87       20.71       19.94       --          16 38 28.100 +62 34 44.97 J1638+625    
NGC6251   1637+826 0.024    11.6         0.72      1        350             [108]              [108]            16 37 56.800 +82 38 17.40 [71]             0    3940  19e2  0.48   100                 12e23              --          --          11.96       --          16 32 31.946 +82 32 16.36 J1632+825    
3C346     1641+173 0.162    11.9         0.52      1        220             [142]              [506]            16 41 34.546 +17 21 20.70 [174]            1    17    47    2.79   776                 635e23             --          --          16.48       --          16 43 48.603 +17 15 49.48 J1643+172    
3C345     1641+399 0.594    11.8         0.27      0        8610            [59]               [644]            16 41 17.607 +39 54 10.71 [33]             3    20    130   6.65   3490                972e24             16.29       16.0        --          --          16 42 58.799 +39 48 36.85 J1642+398    
3C349     1658+471 0.205    14.5         0.74      2        25              [1]                [601,522]        16 58 04.440 +47 07 20.30 [57]             1    85.9  289   3.36   1010                134e24             --          --          17.84       --          16 59 28.852 +47 02 54.87 J1659+470    
3C351     1704+608 0.371    14.9         0.73      2        6.5             [66]               [504]            17 04 03.490 +60 48 30.90 [30]             3    74    380   5.13   1990                515e24             15.41       15.28       --          --          17 04 41.356 +60 44 30.49 J1704+607    
3C352     1709+460 0.806    12.3         0.88      2        3.18            [73]               [503]            17 09 18.000 +46 05 06.00 [61]             1    15    110   7.53   5060                280e25             --          22.8        --          --          17 10 44.111 +46 01 28.56 J1710+460    
3C356     1723+510 1.079    12.3         1.02      2        1.1             [73]               [528]            17 23 06.660 +51 00 18.10 [116]            1    75    610   8.142  7259                626e25             --          --          --          21.68       17 24 19.320 +50 57 36.26 J1724+509    
4C16.49   1732+160 1.296    11.4         1.0       2        16              [8]                [523]            17 32 27.870 +16 02 27.30 [175]            3    18    150   8.375  9107                900e25             --          18.0        --          --          17 34 42.596 +16 00 32.31 J1734+160    
4C13.66   1759+137 1.450    12.3         0.81      2        <2              [175]              [302]            17 59 21.50  +13 51 43.00 [115]            1    1.4   12    8.450  10460               108e26             --          --          --          --          18 01 38.942 +13 51 25.05 J1801+138    
3C368     1802+110 1.132    15.0         1.24      2        <0.21           [115]              [640]            18 02 45.600 +11 01 13.80 [49]             1    11.5  94.5  8.216  7703                102e26             --          --          --          21.45       18 05 06.410 +11 01 32.99 J1805+110    
3C380     1828+487 0.691    64.7         0.71      1        7447            [171]              [171]            18 28 13.513 +48 42 40.45 [30]             3    1.5   11    7.11   4190                930e25             17.05       16.81       --          --          18 29 31.777 +48 44 46.73 J1829+487    
3C381     1832+474 0.1605   18.1         0.81      2        5               [69]               [601,522]        18 32 24.470 +47 24 39.00 [114]            2    73.2  202   2.765  768.1               988e23             18.88       17.46       16.86       --          18 33 46.282 +47 27 02.59 J1833+474    
3C382     1833+326 0.0578   21.7         0.59      2        188             [112]              [601,646]        18 33 11.970 +32 39 18.22 [29]             2    185   207   1.12   258                 135e23             15.87       14.73       14.08       --          18 35 03.377 +32 41 46.93 J1835+326    
3C386     1836+171 0.0177   26.1         0.59      1        120             [154]              [601]            18 36 12.850 +17 09 06.70 [48]             0    292   105   0.360  76.8                146e22             14.10       12.93       --          --          18 38 26.220 +17 11 50.16 J1838+171    
3C388     1842+455 0.0908   26.8         0.70      2        62              [23]               [647]            18 42 35.440 +45 30 21.70 [48]             0    50    85    1.69   415                 429e23             17.05       15.68       15.00       --          18 44 02.354 +45 33 29.55 J1844+455    
3C390.3   1845+797 0.0569   51.8         0.75      2        330             [2]                [648]            18 45 37.569 +79 43 06.52 [29]             2    229   253   1.10   254                 314e23             14.98       14.37       13.70       --          18 42 08.926 +79 46 17.20 J1842+797    
3C401     1939+605 0.201    22.8         0.71      2        32              [25]               [506,522]        19 39 38.810 +60 34 33.50 [44]             0    23.6  78.2  3.31   986                 200e24             --          19.1        --          --          19 40 25.011 +60 41 36.14 J1940+606    
3C427.1   2104+763 0.572    29.0         0.97      2        0.8             [73]               [533]            21 04 44.800 +76 21 09.50 [137]            0    27    180   6.54   3330                302e25             --          23.3        21.0        --          21 04 06.937 +76 33 10.41 J2104+765    
3C432     2120+168 1.805    12.0         0.98      2        7.5             [165]              [504]            21 20 25.532 +16 51 46.40 [174]            3    15    130   8.443  13700               210e26             18.18       17.96       --          --          21 22 46.319 +17 04 38.04 J2122+170    
3C433     2121+248 0.1016   61.3         0.75      2        5               [160]              [646]            21 21 30.500 +24 51 33.00 [48]             1    68    130   1.870  468.2               125e24             17.13       15.54       --          --          21 23 44.557 +25 04 28.04 J2123+250    
3C436     2141+279 0.2145   19.4         0.86      2        19              [1]                [506,522]        21 41 57.910 +27 56 30.30 [113]            1    109.1 380.1 3.484  1060                202e24             19.60       18.15       17.32       --          21 44 11.707 +28 10 18.57 J2144+281    
3C437     2145+151 1.480    15.9         0.79      2        <0.12           [113]              [503]            21 45 01.200 +15 06 50.00 [503]            1    40    340   8.458  10730               144e26             --          --          --          --          21 47 25.332 +15 20 22.40 J2147+153    
3C438     2153+377 0.290    48.7         0.88      2        7.1             [66]               [506,522]        21 53 45.510 +37 46 12.80 [57]             0    22.6  98.3  4.35   1490                100e25             --          19.20       17.90       --          21 55 52.255 +38 00 28.46 J2155+380    
3C441     2203+292 0.708    13.7         0.83      2        3.5             [73]               [505]            22 03 49.270 +29 14 43.80 [116]            1    36.5  262   7.18   4320                222e25             --          --          21          --          22 06 04.955 +29 29 22.31 J2206+294    
3C442A    2212+135 0.027    17.5         0.96      1        2               [1]                [649]            22 12 20.400 +13 35 31.00 [48]             0    597   320   0.54   120                 23e23              14.74       13.68       13.08       --          22 14 46.880 +13 50 27.16 J2214+138    
3C449     2229+390 0.0171   12.5         0.58      1        37              [10]               [506,650]        22 29 07.670 +39 06 03.90 [44]             0    1500  522   0.348  74.2                651e21             14.16       13.15       12.46       --          22 31 20.622 +39 21 30.11 J2231+393    
3C452     2243+394 0.0811   59.3         0.78      2        130             [113]              [646]            22 43 32.790 +39 25 27.30 [113]            1    280   428   1.53   369                 754e23             16.86       16.00       15.43       --          22 45 48.753 +39 41 15.89 J2245+396    
NGC7385   2247+113 0.0243   11.7         0.75      1        121             [71]               [506,539]        22 47 24.950 +11 20 38.50 [133]            0    892   437   0.490  106                 124e22             13.95       12.85       12.20       --          22 49 54.567 +11 36 32.57 J2249+116    
3C454     2249+185 1.757    12.6         0.90      0        <200            [142]              [531]            22 49 07.630 +18 32 43.70 [60]             3    1.2   10    8.455  13260               190e26             18.52       18.47       --          --          22 51 34.733 +18 48 39.82 J2251+188    
3C454.3   2251+158 0.859    14.2         0.04      0        12200           [103]              [651]            22 51 29.534 +15 52 54.38 [33]             3    --    --    7.68   5480                224e25             16.57       16.10       --          --          22 53 57.681 +16 08 54.15 J2253+161    
3C455     2252+129 0.5427   14.0         0.71      2        1.4             [33]               [519]            22 52 34.526 +12 57 33.50 [174]            3    3.9   25    6.369  3126                115e25             --          19.7        --          --          22 55 03.876 +13 13 34.23 J2255+132    
3C457     2309+184 0.428    14.3         1.01      2        2.1             [71]               [601,533]        23 09 38.530 +18 29 22.00 [71]             1    210   1170  5.59   2350                757e24             --          19.5        --          --          23 12 07.588 +18 45 41.76 J2312+187    
3C465     2335+267 0.0293   41.2         0.75      1        270             [78]               [506,652]        23 35 59.000 +26 45 15.90 [48]             0    603   354   0.587  128                 641e22             14.29       13.18       12.52       --          23 38 29.357 +27 01 53.40 J2338+270    
3C469.1   2352+796 1.336    12.1         0.96      2        2.6             [73]               [653]            23 52 58.700 +79 38 35.20 [49]             0    77.5  651   8.401  9456                996e25             --          --          --          22.30       23 54 58.245 +79 55 18.40 J2354+799    
3C470     2356+438 1.653    11.0         0.77      2        2.0             [73]               [503]            23 56 02.300 +43 47 57.00 [503]            1    26    220   8.471  12300               127e26             --          --          23.34       --          23 58 35.910 +44 04 45.60 J2358+440    
